38.5816467553
189778.366512
0.669205491232
1077.64884371
87.303829735
40.4374558521
0.0294831239827
0.0642793525997
0.000214981112374
0.69703018949
0.0342741316299
0.0780381437917
0.0398636405516
0.000429962224747
0.0563864746169
0.0286539111207
0.0360861152913
0.0132981173797
0.00515954669697
0.0102269586315
0.0198396855133
0.0157857559657
0.0327692638432
0.0424434139001
0.164460550966
0.01268388563
0.322502380148
0.0529160652314
0.00156629096158
0.0176898743896
0.223918184331
0.136451583182
0.000706366512085
0.45993673413
0.0128374435675
0.32809188907
0.031479377169
0.0304966063696
0.115782684807
0.000276404287338
0.125886797089
0.124873314702
0.0305273179571
0.0420748748503
0.0614845981389
0.101194680753
0.00457602653481
0.127145972175
0.0199318202758
0.112097294309
0.0285003531833
0.0490464052087
0.0566014557292
0.405177973649
0.255059734038
0.0301280673198
0.155646325359
0.105832130463
0.0481557691717
0.00955130370689
0.0319093393938
0.0959429992936
0.00832284020761
0.854273517398
0.000583520162157
0.00371610208532
0.00230336906115
0.00181198366144
0.00291760081079
0.00214981112374
0.000859924449495
0.00325542827309
0.00276404287338
0.000890636036977
0.00420748748503
0.000890636036977
0.00196554159885
0.00135130984921
3.0711587482e-05
0.000399250637265
0.000614231749639
0.000399250637265
0.0030711587482
0.00132059826172
0.000737078099567
0.00224194588618
0.00248763858604
0.00190411842388
0.000552808574675
0.0197475507509
0.00104419397439
0.000429962224747
0.000952059211941
0.00608089432143
0.00184269524892
0.00113632873683
0.00350112097294
0.000368539049783
0.00245692699856
0.00156629096158
0.000552808574675
0.000583520162157
0.895857006849
0.00205767636129
0.000491385399711
0.017904855502
13.6402230923
105548.356881
0.470499204821
7385.17867695
402.954030828
12.3472390757
0.169156345973
0.245249908112
0.0146606580853
0.459542277086
0.181932447713
0.268231601243
0.195638776099
0.0207310722644
0.230666512735
0.166831844976
0.186504443846
0.114548144698
0.0716444399437
0.100609979369
0.139449174942
0.124645761558
0.178032129658
0.201598537982
0.370692970181
0.11190623162
0.467434054116
0.223865931468
0.0395453877741
0.131821632268
0.416867882016
0.343267459322
0.0265681681423
0.49839235019
0.112572836911
0.469518478227
0.174609352505
0.17194930465
0.319964145969
0.0166231130661
0.331721737918
0.330575210772
0.172033138713
0.200760005371
0.240217073354
0.301586334804
0.0674913810495
0.333136419406
0.139766028835
0.315486118423
0.166397364918
0.215964940082
0.231079490519
0.490926454083
0.435894787891
0.170939658591
0.362519719134
0.307622643225
0.214095285019
0.0972629235854
0.175758736492
0.294513056044
0.0908491636642
0.352831794019
0.0241491131592
0.0608464680208
0.0479381221171
0.0425288181901
0.0539359658882
0.0463161897814
0.0293118573181
0.0569634133444
0.0525014565547
0.0298302330602
0.0647285449712
0.0298302330602
0.0442908370328
0.0367353210262
0.00554171853132
0.0199772679862
0.024776086636
0.0199772679862
0.0553328720756
0.0363160334006
0.0271391749219
0.0472960840327
0.0498141570269
0.0435946413784
0.0235053818806
0.139131538446
0.0322971149382
0.0207310722644
0.0308407651526
0.0777426333853
0.042887057758
0.0336903175087
0.0590665990631
0.0191938330917
0.0495064693579
0.0395453877741
0.0235053818806
0.0241491131592
0.305445952877
0.0453149239135
0.0221617675311
0.132605699921
