0.125800061711
-0.159049118917
0.0780570212568
-0.446033940739
-0.185272617857
0.0522212853287
0.0176649830623
0.321250048632
0.0928593741808
-0.0125831525181
-0.0813185691717
0.312481756277
-0.586147378215
0.510813250768
-0.239163259478
0.156992137068
-0.0473166223941
-0.108808500783
-0.321722809181
0.15713790997
0.819370186044
0.286340374628
0.0629729765798
-0.277286359585
-0.220779194082
-0.177628791893
-0.115070110775
-0.0353853700563
-0.200870172354
0.283187976365
0.859280617973
0.160797548104
0.593070799589
-0.245783683514
-0.606722626425
0.278897264574
0.209584138173
0.163436947541
-0.306346325794
0.273362955184
0.186173275811
-0.0453950001786
0.177970021851
-0.264134067449
-0.365945562428
1.75593052972
-0.126172117099
-0.141014876638
-0.231910033942
-0.117422271705
0.234528119502
0.0853073654218
0.142803629066
0.0836677652802
-0.404103670941
0.172752629504
-0.034477991584
0.0372479288157
0.0306982831521
-0.356997681499
0.498203637549
-0.196005913578
0.783407373502
-2.20786155845
0.15671992828
-0.841795075007
-0.202447141561
-0.446886547081
-0.219754267607
-0.233327136165
-0.10756752852
0.0644350509814
0.176464120891
-0.0806501966296
-0.0590383678286
-0.205449711002
-0.469689047797
-0.0134174624144
0.366722855082
-0.050447515733
-0.0020057995045
0.331831124552
-0.196777443305
-0.334245449897
0.0889953516387
-0.127095942038
-0.485585883571
0.389904380329
0.151995789795
0.198114429284
0.30599057707
0.21742310933
-0.142402550338
-0.0292765968573
0.172992295838
-0.254552523324
0.123789997533
-0.07830423092
-0.533163093192
4.61474733529
0.0926611025288
0.536746992639
0.348332884687
0.12645466985
0.199234636363
0.00178018452243
-0.305462236706
0.180556057494
-0.0348073669909
0.180912780443
-0.428371081535
0.0485832690325
0.327760939946
-0.188746635924
0.0516276936394
-0.897731362876
0.525680255144
-5.47800517868
0.0441817586264
-0.374810734663
-0.592279206417
0.311575142454
0.265336198312
0.605928489348
-0.0305964552979
-0.108899029191
-0.253514639638
-0.0492743068778
0.138560238351
0.195394883996
-0.305974656563
-0.283718471153
0.361256365206
-0.065499500941
0.450067950035
1.09865796845
-0.234382195049
0.247606547832
0.0403597755977
-0.064778806273
0.181183069324
0.405660793237
-0.167786348909
-0.243567188766
0.927161113405
-0.571427185218
1.35495901079
-0.13639306271
-0.579860192217
0.455111895612
0.367714919829
2.39595691605
0.672783518004
12.4456019007
-0.377102519439
0.612466255932
1.12128538192
-0.532967896297
0.301336463694
0.731979238093
-0.267819256157
-0.0207275702793
0.23646487808
-0.128215344394
-0.132042132942
0.415271537437
0.32055221819
0.484659946074
-0.200732586255
-0.355333139658
0.032029548728
-0.542239164459
0.159663392663
-0.120663675667
0.0119577696945
-0.506870006008
0.249805625174
-0.358438083273
-0.0966866988489
0.0253657415737
-0.470143946528
-0.146806908894
-0.719176652593
0.0794973786919
0.0627089417605
-0.0668028961305
-0.274710797152
0.29295318453
0.288519673187
0.165368309975
0.196051422385
-0.0891571283271
-0.204411117689
-0.504395392778
-0.284370394721
0.180779521822
0.582498387665
-0.106494659403
0.306647846597
-0.132547933683
0.238842684549
-0.39230780433
0.20946977181
0.068394407133
-0.355004535427
0.0571170533202
0.0611909624826
0.726395678071
0.0518842576485
0.115504508682
0.0744582214503
0.251153723005
-0.293368223153
0.0204751983524
0.141425189273
-0.327403730334
-0.418796862595
-0.133009368378
0.0691130768805
0.242109590551
-0.453690398726
-0.643028713779
0.532677917138
-0.0605814557549
-0.0989193807644
-0.680327056393
-0.145312113587
0.199395641877
0.0740876401434
0.0129138406835
0.409939818278
0.0535860283373
0.229075558486
-0.396948544059
0.0220770558273
0.123573539486
0.168085748162
0.390882533806
0.322136463386
-0.120234982375
-0.0411602943297
0.0146861703798
-0.492456358438
-0.0333472272137
0.093368291941
0.0602834758758
-0.154337354286
0.0732372948927
0.528945249967
-0.372396498239
-0.285256683404
-0.300980259571
0.380057351733
-0.24376631415
0.121160507995
-0.271119666519
-0.411037143877
-0.116696183991
0.313393124104
-0.29455841801
0.112770231588
1.77047958925
0.051327077405
0.212628270367
-0.210235931318
0.177384851974
-0.0423267290732
0.0205700813731
0.250544750962
0.236300963729
-0.401175544313
-0.446505451509
0.205764776458
0.0799442997473
-0.305123557611
-0.386468359515
0.2756688079
0.375388815166
0.220293796034
-2.66332642419
0.0420480731654
-0.564802458655
0.322653031009
-0.3903348706
-0.479679801784
-0.626145964023
0.113088256321
-0.0581813538184
-1.26685119432
0.166250897647
-0.212834258761
-0.0656920314408
0.114448329472
-0.78534478856
0.768360469314
-0.0307619855139
-0.864630931586
-0.00418694263476
0.187634108179
-0.353626002924
0.0926272225158
-0.285376006744
-0.0265680350814
-0.608246066574
0.17847531193
-0.183649052655
0.722565163784
1.28163324665
-0.877255893908
-0.352201305167
0.301757149201
0.383187547971
0.0902237937356
-0.664530423373
0.554144392031
2.24238205044
0.262779535504
-0.189490135099
-0.718240723466
0.969370818095
-0.249052980756
-0.688064139542
0.118214900011
0.170657419782
21.3740268931
