22.5365180467
1.70238853503
0.389033970276
0.140153927813
2.14743453645
10.1164897381
12.249646143
31.8957006369
42.5835102619
21.3377565464
0.203963198868
73.1916135881
2.76088110403
1.8394019816
156.305838641
158.586323425
2.297009908
1.71392427459
22.5432413305
1.70230007077
0.388934890304
0.140187544232
2.15033616419
10.1188605803
12.2547062987
31.9431174805
42.58492569
21.3267869781
0.203361641897
73.1495046001
2.76249115357
1.83933121019
156.543099788
158.755113234
2.29962845011
1.71447275301
22.5497876858
1.70217622081
0.388959660297
0.140438782732
2.152512385
10.1283793347
12.2666135881
31.9806440198
42.6031493277
21.3255484784
0.202689313517
73.1153573956
2.76588818117
1.83949044586
156.717197452
158.904971691
2.30164543524
1.71426043878
22.5536801132
1.7021408351
0.389166666667
0.140796178344
2.15507784855
10.1436836518
12.2848195329
32.0052370842
42.6326963907
21.3342179759
0.202618542109
73.089348903
2.76806440198
1.83977353149
156.752937013
158.894285209
2.30235314933
1.71426043878
22.555980184
1.70201698514
0.389334748762
0.141013800425
2.15559094126
10.1568117481
12.2985845718
32.0183651805
42.6684359519
21.3501415428
0.202441613588
73.0700636943
2.76969214437
1.83987968861
156.738075018
158.858191791
2.30375088464
1.71461429582
22.5562278839
1.70196390658
0.389370134466
0.141086341118
2.15580325548
10.1639596603
12.3057855626
32.0308917197
42.7009907997
21.360403397
0.202229299363
73.0578556263
2.77082448691
1.83989738146
156.697558386
158.961871904
2.30438782732
1.71519815994
22.5562455768
1.70189313517
0.389304670913
0.141127034678
2.1555378627
10.1680290163
12.3097310686
32.0400389243
42.7282377919
21.3665958953
0.202158527955
73.0479476292
2.77177990092
1.8398089172
156.724097665
158.971956829
2.30575017693
1.71562278839
22.5552547771
1.70185774947
0.389071125265
0.141095187544
2.15373319179
10.1668789809
12.3066878981
32.0484784147
42.7542462845
21.3676574664
0.202158527955
73.042108988
2.77342533616
1.83970276008
156.735067233
158.980095541
2.3055378627
1.71641896674
22.5517162067
1.70178697806
0.388581033263
0.140916489738
2.14856687898
10.1600318471
12.2947983015
32.057661005
42.7691082803
21.3715498938
0.202158527955
73.0435244161
2.77358457183
1.83947275301
156.780537863
159.008227176
2.30612172682
1.71682590234
547.394907997
2.91397204529
0.257712278839
0.0305540516631
9.88353680113
140.804253362
207.895145081
1369.65287155
2504.92215145
734.747523001
4.30353857042
5537.09076433
10.9392586695
3.41660120311
33602.067845
34130.3069834
6.41705060156
4.07348018401
547.726118188
2.91366595895
0.25761153574
0.0305601556971
9.90437898089
140.866864827
208.059897381
1373.30432236
2504.83085633
733.660120311
4.30004953999
5530.89685067
10.9597664544
3.41632165605
33697.9385103
34199.8469692
6.42956652512
4.07540339703
548.05962845
2.91323956122
0.257611783439
0.0306823779193
9.91284147205
141.115385704
208.420203468
1376.07696745
2505.69409059
732.762915782
4.29749469214
5525.68011323
10.9900778485
3.41693205945
33774.2000106
34260.1518171
6.44058209483
4.07627388535
548.271234961
2.91311924982
0.257762791932
0.0308624203822
9.92646319887
141.504831918
208.944971691
1377.70064048
2507.68223638
732.445329087
4.29746638358
5521.52034678
11.0023407643
3.41804317056
33797.186564
34259.4505149
6.44414897381
4.07870134466
548.408354565
2.91269992923
0.257896956829
0.0309533793347
9.92804670913
141.814991154
209.306624204
1378.45279193
2510.72080679
733.00831564
4.29728945506
5518.36022647
11.0110633404
3.41845364473
33797.481327
34250.5786111
6.44957537155
4.07987968861
548.455127389
2.91252476999
0.257917268224
0.0309703113942
9.9284571833
141.935037155
209.444828379
1379.06895612
2513.49929229
733.27158528
4.29703467799
5516.29140127
11.0158191791
3.41852972399
33782.3417304
34292.6224894
6.45117480538
4.080514862
548.494018047
2.91228768577
0.257862154989
0.0309789985846
9.92595364473
142.001296886
209.521001415
1379.52651274
2515.38251946
733.329440906
4.29700636943
5514.56811748
11.0193683652
3.41821302194
33797.2897134
34297.0246479
6.45683474876
4.0819621373
548.4877477
2.91217091295
0.257656882519
0.0309642781316
9.91677459306
141.960368011
209.429564756
1379.92384289
2516.91914367
732.94019816
4.29700636943
5513.50636943
11.0329511677
3.41781316348
33802.8841932
34302.3381653
6.45587579618
4.08539278132
548.372036447
2.91193029016
0.257185527247
0.0308994692144
9.87401804671
141.805150389
209.088987969
1380.47270878
2517.52671621
732.860226469
4.29700636943
5513.66878981
11.0323159943
3.41694444444
33816.2474275
34306.4919161
6.45720806794
4.08517515924
6.28492341461
0.125878199406
0.326136242713
0.104455388476
2.29609706084
6.20168434698
7.60534775363
18.7701132769
26.2976577898
16.7166883254
2.06444607193
13.4193317531
1.8212067974
0.182212933685
95.7630025202
94.7664761707
1.06808056069
1.06580662644
6.28716060738
0.125858762127
0.326099964495
0.104439495112
2.29791935495
6.20286428858
7.60802674254
18.7867391526
26.2936296526
16.6981519188
2.06366023914
13.4181529066
1.82439279783
0.182160246124
95.8759428591
94.8507300509
1.06830497358
1.06582671022
6.29020697407
0.125839876578
0.326070799215
0.10468680062
2.29772320014
6.20735996665
7.61251565173
18.796685227
26.2805205038
16.672849123
2.06310730073
13.4098704746
1.82755038721
0.182227766924
95.989166229
94.9176579399
1.06911663782
1.0665763139
6.29307145287
0.125840483547
0.326055359544
0.105065962832
2.29828254694
6.21373590443
7.6176230371
18.7980169078
26.2704289047
16.6522212465
2.06310739177
13.3965452154
1.82761052492
0.182418539014
96.0505247342
94.9318526252
1.06926093616
1.06771367542
6.29572176192
0.125849559119
0.326060439545
0.105206879169
2.29814586201
6.21724748327
7.61914967259
18.7956666044
26.2702375363
16.6487168197
2.06308188111
13.3837968523
1.82753078382
0.182472946442
96.0763090814
94.9455291847
1.06878773995
1.06769729098
6.29854832771
0.125871484801
0.326049331559
0.105190093374
2.2980360108
6.21522012312
7.61659176179
18.7907139768
26.2702241522
16.6434597364
2.06304095657
13.3731496872
1.82711544293
0.182503012841
96.0636087501
94.9933985614
1.06816269673
1.06705676237
6.30157151244
0.125886624487
0.326042985195
0.105176797192
2.29774023057
6.21389433529
7.61521650598
18.7872940699
26.2617633577
16.6372479922
2.06304103183
13.3628389442
1.82663749716
0.182527176442
96.0981109315
94.999692577
1.06787212266
1.06705228796
6.30461970633
0.125901205406
0.32600696619
0.105149542003
2.2974350767
6.21248257939
7.6141314498
18.7834734325
26.2486869826
16.6241815606
2.06304103183
13.355024673
1.82785750879
0.182501830177
96.1093278133
95.0140378412
1.06788152892
1.06737936646
6.30810055261
0.125902229787
0.325868543796
0.105080978937
2.29296280241
6.21119177409
7.61097383353
18.7824141065
26.2360456837
16.6167710944
2.06304103183
13.353364021
1.82744209682
0.182440224146
96.1046844589
94.9888183231
1.06724441859
1.0666226982
267.780765623
0.322125792373
1.432411
0.059224105335
42.9362894113
200.727298527
327.811144239
1857.74742632
3210.06396563
1156.13948034
106.322351125
1868.64438606
18.8194875067
0.60818994749
35869.4858689
35444.0838011
6.19938282168
5.16048563985
267.914413894
0.322032217328
1.43240578918
0.0592202373237
42.9522557434
200.826763597
327.927577633
1859.50875194
3207.01294633
1151.88608635
106.322121474
1868.04998935
18.895756046
0.607942480848
35921.6376949
35481.6040403
6.20026123571
5.16092377187
268.091929482
0.321943294261
1.43240141657
0.0593874452146
42.9518812906
201.022871493
328.112934485
1860.52408629
3201.80113473
1146.41485397
106.322051279
1866.50399284
18.9513749917
0.608243646053
35968.9234122
35505.2642012
6.2048819584
5.16443209208
268.223372204
0.321936678536
1.43239398538
0.0596891675215
42.9542685545
201.261651274
328.28173379
1860.74552711
3197.28151274
1142.55444182
106.322052402
1864.17185463
18.9512351997
0.609163011782
35979.0830583
35507.3336279
6.20574856218
5.16828485494
268.318719572
0.321962807444
1.43239099197
0.0597607838721
42.954056597
201.384902214
328.330025809
1860.72011575
3194.03203834
1141.32831974
106.322058721
1861.89537484
18.9510884307
0.609402774719
35989.8419556
35510.7655809
6.20604696469
5.16951410336
268.408773014
0.322064859071
1.43238898348
0.0597589852031
42.9539662745
201.361469097
328.295694783
1860.61844216
3192.78660114
1140.04702881
106.322067293
1859.90938885
18.9497379335
0.609533002881
35977.413095
35541.8617168
6.20429128309
5.16727213084
268.494645281
0.322137434302
1.43239170729
0.059758114808
42.9538750808
201.351095988
328.282636601
1860.61083842
3191.31157269
1139.05451882
106.322068416
1857.97051435
18.948317015
0.609633524827
35993.7068606
35550.4796471
6.20431264629
5.16710112446
268.565783545
0.322205296615
1.43239495433
0.0597551512669
42.9535636163
201.335277583
328.277043544
1860.52777107
3190.55282178
1137.72177604
106.322068416
1856.58054613
18.9706214369
0.60952323361
36000.1626986
35560.5137111
6.20422068236
5.16865397072
268.640437919
0.322214295874
1.43237242444
0.059727307515
42.9025378042
201.296976675
328.175594379
1860.42962882
3189.90058645
1137.13216552
106.322068416
1856.28772601
18.969761601
0.609231026361
36004.5950649
35558.3644839
6.20244001685
5.16648442125
