-2.16961809056
-6.31117818749e-05
-50.7759060269
-0.00676294253979
-0.0798523621322
-2.49927150997
8060.796875
8254.5234375
11005.46875
7991.1484375
8265.8203125
8352.859375
8078.8125
8274.1953125
11145.5
-853.1953125
-857.9609375
-982.0390625
-801.6953125
-848.0703125
-785.0078125
-845.78125
-971.5703125
-970.6328125
-1057.6875
-1294.421875
-990.109375
-1069.03125
-795.3125
-1154.078125
-998.078125
-38804.9052734
-38700.2563477
-38512.1147461
-38661.8808594
-38789.4443359
-38900.1455078
-38681.2348633
22019.0
22368.5625
21539.125
21580.875
22071.28125
21985.9375
21911.09375
21952.375
21837.34375
22115.34375
21505.375
21836.875
22043.8125
22219.40625
19154.796875
65419.75
64254.15625
64624.84375
64257.03125
65083.46875
65172.09375
-105637.4375
-104843.25
-106149.03125
-105806.6875
-105383.625
141720.875
141747.5
142344.0
142312.0
141728.0625
141754.5
141717.1875
141957.4375
141995.0
142654.625
141745.8125
142072.6875
142245.0625
142703.875
142205.0625
142519.0
142196.25
142203.8125
141962.375
142140.875
142136.4375
142073.0
142883.5
141836.25
141600.4375
142474.4375
141643.5625
142183.8125
141778.625
142220.75
141635.4375
141996.8125
142412.875
142207.875
142414.75
142180.5
142978.625
142537.875
142209.0
142386.0
142229.25
142217.5625
1.31443888499e+13
