0.0146909192818
0.2280388391
0.000306411665004
0.000633488905009
0.019941624627
-0.0148515975809
-0.739648061104
-0.987687450224
-0.586679997576
-0.20221589846
-0.888239225465
-0.833949676
-1.01128500916
-0.756438816304
-0.986650798189
-0.977942289437
-0.933082237409
-1.0044572715
-0.998329473841
-1.00935902208
-0.996358134377
-0.197043013825
-0.193448055828
0.370605270482
1.00694302535
-0.673282180404
0.721638380597
-1.01790540654
0.973990967298
-0.365414229272
-0.460935507247
0.985308678524
0.541283630274
-0.514778602191
-0.934172604411
-0.625894243046
-0.440285050367
-0.319086126316
-0.992105719829
-0.231618833339
0.545493692946
-0.985794100329
-0.938511950311
-0.638272683529
-0.957053448524
-0.984549453834
0.314676041078
0.33246708902
0.0214679837974
0.362836917586
-0.388889222582
-0.762510959003
0.334340726548
-0.510206485709
-0.932953970208
-0.96574507946
-0.823012801563
0.920413285274
-0.985223059576
-0.876789827862
-0.875071966037
-0.988676238725
-0.707025823959
0.455760393488
-0.444479278257
-0.983397263792
-1.01546653752
-0.531762495267
-1.01063051405
-0.960282167032
-0.982601483344
-0.450354292444
-0.150986831059
-0.385557808366
-1.02470054521
-0.961031000732
-0.927259236357
-0.907703943479
-0.991864700888
-0.714560756118
-0.845531201496
-0.741272693037
-0.619678516738
-0.250531010321
-0.136898043429
-0.818614964158
-0.208066868832
-0.965051836423
-0.996296583748
-0.991995348695
-1.0228833623
-1.00305100021
-0.160314497852
-0.863818247116
-0.974551718734
-0.979491261538
-0.677813662772
-1.01626006747
-0.566873456562
-0.974726431045
-0.975829888216
-0.630725634747
-0.996637848491
-0.1971446288
-0.911214510938
-0.787731836024
